[1000.0, -2000.0, -0.04784409846297252]
[1200.0, -2000.0, -0.05044574906118061]
[1400.0, -2000.0, -0.05211144764227111]
[1600.0, -2000.0, -0.052685214493700415]
[1800.0, -2000.0, -0.05211144764227111]
[2000.0, -2000.0, -0.050445749061180614]
[2200.0, -2000.0, -0.04784409846297252]
[2400.0, -2000.0, -0.04453344327746765]
[2600.0, -2000.0, -0.040771993868032756]
[2800.0, -2000.0, -0.03680995045257813]
[1000.0, -1800.0, -0.06092609499962694]
[1200.0, -1800.0, -0.06478446361139883]
[1400.0, -1800.0, -0.06727720613456113]
[1600.0, -1800.0, -0.06813976551820469]
[1800.0, -1800.0, -0.06727720613456113]
[2000.0, -1800.0, -0.06478446361139882]
[2200.0, -1800.0, -0.06092609499962694]
[2400.0, -1800.0, -0.05608134515718409]
[2600.0, -1800.0, -0.05067077803236851]
[2800.0, -1800.0, -0.04508614699495549]
[1000.0, -1600.0, -0.07877070363449591]
[1200.0, -1600.0, -0.08462762075295628]
[1400.0, -1600.0, -0.08845107623297575]
[1600.0, -1600.0, -0.08978092459382177]
[1800.0, -1600.0, -0.08845107623297575]
[2000.0, -1600.0, -0.08462762075295628]
[2200.0, -1600.0, -0.07877070363449593]
[2400.0, -1600.0, -0.07153028359974688]
[2600.0, -1600.0, -0.06360692291630263]
[2800.0, -1600.0, -0.055622983591927196]
[1000.0, -1400.0, -0.10346718405824909]
[1200.0, -1400.0, -0.11257324368552456]
[1400.0, -1400.0, -0.11858742177788832]
[1600.0, -1400.0, -0.12069095805543267]
[1800.0, -1400.0, -0.11858742177788832]
[2000.0, -1400.0, -0.11257324368552454]
[2200.0, -1400.0, -0.10346718405824909]
[2400.0, -1400.0, -0.09241163992637715]
[2600.0, -1400.0, -0.08060090767294502]
[2800.0, -1400.0, -0.06903618910277433]
[1000.0, -1200.0, -0.13807488962075692]
[1200.0, -1200.0, -0.15256897145969184]
[1400.0, -1200.0, -0.16226126263764676]
[1600.0, -1200.0, -0.16567011092767647]
[1800.0, -1200.0, -0.16226126263764676]
[2000.0, -1200.0, -0.15256897145969184]
[2200.0, -1200.0, -0.13807488962075692]
[2400.0, -1200.0, -0.12083651617320218]
[2600.0, -1200.0, -0.10293905422213118]
[2800.0, -1200.0, -0.08600715384545783]
[1000.0, -1000.0, -0.1869388701069405]
[1200.0, -1000.0, -0.21049693858046545]
[1400.0, -1000.0, -0.2264383609946858]
[1600.0, -1000.0, -0.23206944865789592]
[1800.0, -1000.0, -0.22643836099468578]
[2000.0, -1000.0, -0.21049693858046545]
[2200.0, -1000.0, -0.1869388701069405]
[2400.0, -1000.0, -0.15955370136810987]
[2600.0, -1000.0, -0.1320732986164729]
[2800.0, -1000.0, -0.10713551050193049]
[1000.0, -800.0, -0.2557161006947206]
[1200.0, -800.0, -0.2945611023252124]
[1400.0, -800.0, -0.32107084919286427]
[1600.0, -800.0, -0.3304430091103629]
[1800.0, -800.0, -0.32107084919286427]
[2000.0, -800.0, -0.2945611023252124]
[2200.0, -800.0, -0.2557161006947206]
[2400.0, -800.0, -0.21164619990882466]
[2600.0, -800.0, -0.16919771787211896]
[2800.0, -800.0, -0.13257866338060692]
[1000.0, -600.0, -0.3500042446899659]
[1200.0, -600.0, -0.41404967175622015]
[1400.0, -600.0, -0.45775216863040924]
[1600.0, -600.0, -0.4731114122100935]
[1800.0, -600.0, -0.45775216863040924]
[2000.0, -600.0, -0.4140496717562201]
[2200.0, -600.0, -0.3500042446899658]
[2400.0, -600.0, -0.2790884951198941]
[2600.0, -600.0, -0.21409630009549704]
[2800.0, -600.0, -0.16134538470357307]
[1000.0, -400.0, -0.4693648197816519]
[1200.0, -400.0, -0.5717029754517979]
[1400.0, -400.0, -0.6404332497367735]
[1600.0, -400.0, -0.6642663326391003]
[1800.0, -400.0, -0.6404332497367735]
[2000.0, -400.0, -0.5717029754517979]
[2200.0, -400.0, -0.4693648197816519]
[2400.0, -400.0, -0.3585348242250087]
[2600.0, -400.0, -0.2628022341162284]
[2800.0, -400.0, -0.1902809372520738]
[1000.0, -200.0, -0.5913990175205994]
[1200.0, -200.0, -0.7399451222631015]
[1400.0, -200.0, -0.8364870178894057]
[1600.0, -200.0, -0.8695876504161434]
[1800.0, -200.0, -0.8364870178894056]
[2000.0, -200.0, -0.7399451222631013]
[2200.0, -200.0, -0.5913990175205993]
[2400.0, -200.0, -0.4333519805427802]
[2600.0, -200.0, -0.30481931411271096]
[2800.0, -200.0, -0.21348207559836793]
